0 17 21 15 17 10 21 20 14  5 
17  0  8 10 12 11 23 23 17 16 
21  8  0 14 16 15 27 27 21 20 
15 10 14  0 10  9 21 21 15 14 
17 12 16 10  0 11 23 23 17 16 
10 11 15  9 11  0 17 16 10  9 
21 23 27 21 23 17  0  9 13 20 
20 23 27 21 23 16  9  0 12 19 
14 17 21 15 17 10 13 12  0 13 
5 16 20 14 16  9 20 19 13  0 
